[projects_img.JPG]
filters=tilt=1,0.051342,0.000000;finetune2=1,0.076023,0.137544,0.078596,00000000,-0.122807;
moddate=883962fb4196d601
width=6000
height=4000
textactive=0
